25.38002753820895
37.46483560655275
0.24170358661748165
21.754665551833206
29.488828139145916
25.138335017822726
34.56445799339022
0.9965694177140278
3.151429206442232
2.188719066087265
16.195943961029567
11.362639594831583
35.53124934430515
28.52204737019433
1.709102451342035
25.62172026733414
3.1514292064441154
1.2324513046673131
3.8748032611231435
26.346799650019772
10.396064351469143
9.912794217789841
15.22924411852001
22.23804353644889
51.483431325683064
7.255134873254442
2.188719066089406
2.669703373337802
16.92097742932987
30.213915126051464
38.189931562675945
6.530471297089165
2.669703373337398
6.530471297094947
10.396064351467558
2.4290909826833484
21.512977051406565
1.7091024513425421
0.2417035866173725
4.840110550107528
3.392471501043094
5.805919386556701
38.67332917510302
7.013570077069409
61.87659024956251
22.72142276303107
21.996354383770928
6.772015185318183
16.679298859915136
21.029601090904134
24.896642712329825
3.3924715010434774
10.879346661711457
7.0135700770630285
5.3229693344120905
11.120991886964708
6.530471297077873
17.40433665264714
0.2417035866173871
3.633601653335411
8.463077735600388
15.470917737542695
18.612745607171565
12.81257011033132
30.21391512605301
23.92987576916674
18.61274560717418
0.34182049026849926
8.22147564113277
6.047421805084523
32.14748566738797
32.87257638407764
17.404336652644734
0.7643338523426698
38.67332917510301
5.564434437151727
24.65495062800479
32.87257638407765
34.56445799339998
39.156727023597334
18.12938028195192
2.9104965982863322
15.470917737542695
8.22147564113277
1.2324513046673131
11.604289630201555
41.332020041158444
21.029601090904134
3.8748032611231435
14.02089152058972
24.413258771444266
18.85442907444802
7.255134873254442
36.98143862503229
7.979879693593837
9.18791605139315
14.745899827509374
29.730523672610364
43.023917355233884
2.429090982683352
 
15.73667506417077
43.34830884103555
18.304933539905406
46.238042493290436
10.279888606069381
28.257724521970644
16.05769933078182
20.231204001164638
30.505218532111407
21.83646553211132
7.071268781195851
18.9470176341778
11.884659936930442
27.294519579909235
9.31713786326201
32.11058291685436
15.094634891003254
18.625974764329822
1.6372430287541135
27.93665571463976
23.441752722794003
6.750525942358161
32.752730989941355
21.836465532112328
40.45858580595844
1.95311285272425
27.294519579907806
31.46843612844578
6.4298177352335095
39.49534755637624
7.712841071410872
17.66285638621994
1.3238870579655775
0.3210897750810352
9.638043262983961
12.847603998501214
25.68918873920157
13.168595925112937
8.996245621057566
16.37872616559851
7.392041743704929
27.936655714645926
15.736675064170948
8.033663605867622
3.2269123027790654
20.552253965969022
2.2704475732953413
12.526617087347658
17.662856386215434
18.625974764330138
1.0153750226472449
30.184146733660363
29.86307532175079
47.20128906640706
4.506709753391636
14.773619347732911
71.60373977181165
18.94701763418763
21.194357514061636
29.220933708660134
36.92672015044128
9.958960548295781
15.736675064157915
17.34182065300988
5.46796183800506
7.392041743704929
31.147363240818628
0.7179785639615356
9.317137863266383
50.73320055953079
35.963488217032406
3.5465524846987146
33.07380548483561
33.07380548483591
14.7736193477332
23.120693488438107
13.810593425847394
1.953112852724448
21.51541098935435
4.82703775285781
44.311552314709296
21.194357514061636
3.2269123027790902
6.750525942358159
27.294519579920035
35.321334727743185
38.53211086054634
16.37872616559702
7.712841071406529
14.7736193477332
23.441752722794003
11.563690623203804
3.546552484700222
22.79963511423066
1.9531128527263535
41.742905702959646
21.19435751406164
1.9531128527239892
17.341820653011556
50.09103403598459
 
29.10417281753521
8.932917671324997
26.000312457151804
28.716186621339215
7.382605839526383
8.545279375349887
8.932917671325145
2.743723852286927
3.8995642790924268
5.059176806939855
10.871518894270968
15.137798597638627
25.224359242994876
56.65241648033145
38.028052184655444
33.37207461713872
8.932917671325145
21.7326485049411
21.73264850492463
14.74990829438486
7.382605839532633
3.513680939880838
16.30150687480862
29.88014793311635
0.3880211483312153
7.382605839532633
46.56415452645497
0.38802114833114953
35.70005439476541
39.96806183154864
18.629056568379138
5.059176806940813
42.68409001248191
30.268136782683296
10.871518894270878
20.568781112680327
44.62411907468178
11.647099673676214
7.770117440067223
55.876392639124845
8.157677482351193
34.14806564757033
27.940217141219215
4.67239335620021
26.388291028957646
5.833236923939048
5.446136343847572
47.340170320294746
34.53606202676848
14.36202506007721
53.1603134380475
12.422738097578138
39.192056831149394
38.80405489037157
1.2270306090409453
1.2270306090402396
10.48375411925872
11.259301333873413
2.360240502031211
29.1041728175309
7.770117440064498
0.38802114833125356
27.940217141212905
1.978527407027133
13.974149483354548
3.513680939882229
0.8676416643759508
2.36024050203199
30.268136782683303
20.568781112688754
9.320587828329158
0.8676416643759827
0.5487447704574759
12.422738097582894
52.384292120362645
20.56878111268055
3.899564279092189
20.180830340913474
3.8995642790924263
14.362025060083912
1.5998521795427343
6.220452215789142
17.853189946226188
52.77230270212383
8.545279375346004
15.525695439989125
8.932917671325143
7.382605839532633
1.5998521795427343
6.607762053081371
10.8715188942835
28.716186621339215
18.629056568379287
4.672393356199696
8.932917671325471
28.716186621351106
36.47605182699164
14.36202506008592
51.22026133573201
26.000312457150326
 
5.79181659100949
3.1410535617246382
22.659169392010487
20.438582338375458
30.65385053413814
13.333763120243571
35.98391837701168
19.10628291091838
9.339023637518455
1.4047218569968418
39.98155269276386
4.906482512492979
19.55037761994936
4.9064825124959155
43.979236854601076
19.994477542399913
2.265045935155394
8.895339463479567
14.221724870474505
3.1410535617246493
35.53974059393942
4.0225112384321005
14.665726746801761
7.5646587081119305
4.906482512490509
0.4442120547131298
23.10329772000836
81.29201969755364
0.4442120547131289
3.5813520799985294
4.906482512494906
15.997802391875
83.06884195568269
3.1410535617248247
12.889806139853068
6.234813298075734
19.994477542389923
19.994477542419634
21.770922985141617
11.11418205806197
2.2650459351559826
34.20721258515684
4.906482512489933
15.553766506908696
47.08857309285712
2.7020364419158107
2.7020364419167744
4.464275899269505
51.08631761228092
5.791816591009547
40.42573763078645
5.349021469867954
29.321360660788283
9.782755722850332
3.5813520799984317
31.54218398341894
0.9932883507634142
38.204819246264165
23.54742920664465
19.10628291091745
8.89533946347899
21.32680533312974
2.702036441915846
14.665726746812844
2.2650459351553933
2.2650459351559826
4.906482512493995
5.3490214698677745
36.87227642033326
4.464275899267904
8.00814670223506
13.777736543767567
43.53504769092667
8.45171074623383
9.782755722850528
29.765522496504783
23.547429206667186
12.445867362253278
47.08857309287614
13.333763120243734
2.7020364419150025
21.32680533315507
14.22172487046744
12.001948807312475
10.226529482810827
41.31410925613197
11.114182058066168
30.209685809026613
50.64212249830007
8.89533946347945
75.51735579592335
45.3118070384724
5.349021469866904
18.662193787451
11.114182058065804
23.103297720007458
5.791816591011371
8.008146702237745
2.2650459351562757
1.8315332217549747
 
20.162971821893645
11.80944407997037
2.027057219837473
7.881486012208934
7.881486012207381
6.410117762176042
15.739954773853736
18.688544155768287
0.49163358979769284
26.06121789929981
33.92628007125717
0.4916335897977494
45.23296210415563
7.390873464991284
1.0993261268098569
38.35057137210184
19.67148805185177
30.97681776539185
41.7917469950431
8.863050583779996
34.90944691234548
11.31825520595579
31.959964909959837
5.920052369660085
1.0993261268095196
0.4916335897977023
6.900406260766179
13.283208130218815
21.637463975194393
1.554681918005386
28.51898611394582
13.283208130215336
4.940856428632089
11.809444079982004
8.863050583780012
5.920052369658561
19.671488051858095
25.569673478559633
19.67148805186454
26.061217899334427
6.9004062607661805
6.410117762175356
9.844954963514711
11.809444079971263
9.353966984946995
24.586595334231838
6.900406260766179
1.5546819180062261
11.809444079981883
61.45616522763658
7.390873464994672
11.318255205955271
1.0993261268098038
19.671488051858155
27.044316465822373
1.5546819180060183
7.881486012210079
5.43027048749016
14.75719931226957
32.943119219516944
19.180011961198428
2.506849267915947
6.9004062607661805
3.4763744520503423
20.162971821884568
2.5068492679161065
16.72277039596901
13.283208130218178
33.92628007122312
5.920052369659841
5.920052369657403
7.39087346499416
48.674208324566486
27.535870264423906
2.027057219837473
6.410117762173025
23.112008273281198
37.367387116155086
7.390873464992684
5.430270487488239
2.0270572198368777
15.73995477384786
13.774516887885076
4.940856428630069
7.881486012210079
15.248568795986468
16.231355747839693
20.65446272309124
0.69527489040991
10.33600431912008
33.43469886370008
23.603532937942344
1.0993261268098884
15.739954773848629
1.5546819180056284
30.485247096649147
9.353966984947421
4.451931502464145
2.5068492679165333
54.57354298833338
 
11.71586792173396
9.590588962803965
19.159033013929164
1.1895661565546811
34.051526028768755
14.905221219713573
12.778842113064524
36.711175697850116
14.905221219722751
1.1895661565549247
7.997565714958291
15.436884099907227
22.881761888092228
4.289041773013331
4.289041773017353
21.286255156564785
7.466837687288029
31.923842420987082
3.235969799314308
2.193451613049604
1.189566156554368
18.095487064066898
21.818083196561115
35.64731043790084
16.50027315209686
21.81808319655035
35.64731043790603
0.7523476964330458
21.818083196552138
58.52133546248898
5.876023352235426
37.243110792897056
13.841970906165907
0.7523476964330453
4.81737577000759
83.52414901838921
0.7523476964330458
56.925432782543645
17.031995372479468
16.500273152097282
1.1895661565546811
43.09448655929765
0.7523476964330456
12.24733317611885
31.923842420964956
6.9363030346045775
18.09548706406781
9.590588962799456
14.37358255828816
9.059465942738706
0.5319901579578834
14.373582558274412
28.732393942280115
55.86149981460226
1.6823005919403018
9.059465942735041
45.75424644588708
25.00919625343427
75.54447561157197
33.519601829546204
9.590588962799844
7.997565714958241
4.817375770008531
0.5319901579578848
36.17924222200799
9.059465942738022
14.373582558286348
4.817375770007269
6.406009802036524
7.466837687288965
4.289041773014525
20.7544354263326
5.346434919137198
9.590588962797668
2.7126281964665324
15.436884099913934
12.247333176122595
3.761738482165135
39.37086605290426
24.47732908475664
1.1895661565548012
1.682300591939664
32.455759917555866
2.193451613048939
26.0729456458273
41.498642373927126
4.817375770005137
18.095487064076032
23.9454673803032
18.09548706407421
13.310389499582461
10.121803060490983
25.541068544956467
0.5319901579577262
7.46683768728948
6.40600980203711
1.1895661565546807
14.373582558283942
6.936303034607104
0.5319901579580572
 
48.16839954510781
28.338057934129004
4.006805305235409
20.973626101868945
9.084055933108854
43.63556309057044
3.446784251732843
2.8893483957649515
6.823343563586001
5.131214432922344
9.084055933108525
9.084055933107285
18.707962337957508
50.43484111399255
2.889348395764955
14.177524438382616
0.8013610610469352
13.61134821469471
4.006805305231762
18.707962337958513
23.239470770367053
3.446784251735942
21.54007253915352
11.913088624947768
12.479124204623018
22.10652929958559
20.973626101872753
8.518584927576665
2.3363488986830085
9.084055933108916
1.7918978070227678
6.82334356359019
15.309981574416419
20.407190847355597
16.44255426076827
5.13121443292623
4.006805305233229
13.045212945483168
50.43484111403015
5.694740317450328
35.703310869890785
0.5666478404452734
20.97362610186662
12.479124204622908
6.823343563588741
2.3363488986834535
39.10280691888738
32.87045927802233
6.823343563590114
14.177524438377443
6.823343563586429
0.8013610610469353
35.703310869890515
18.70796233795929
5.131214432927148
0.5666478404451349
43.635563090560886
16.442554260774436
0.5666478404451322
30.604229673555302
0.8013610610469895
35.13673555108561
9.649665008358028
4.568460942185188
26.63847598736104
16.442554260768194
1.7918978070225948
10.781210441289929
13.045212945487885
4.00680530523559
10.781210441286717
18.14158260621612
2.8893483957649413
0.8013610610469353
20.97362610187419
11.347114162091408
22.10652929958583
10.781210441293464
26.638475987343202
2.889348395764368
36.26988845457633
9.649665008357935
10.781210441289469
13.611348214698301
6.823343563588082
4.568460942186259
11.347114162092378
4.568460942184179
1.791897807021995
45.335368646283094
21.540072539159365
11.913088624945628
21.540072539148753
53.834527116727635
4.0068053052353525
13.61134821469843
1.2670630905383256
5.694740317450362
14.177524438377317
7.388183928665619
 
11.948447881647045
2.4601623505757555
11.35255442209068
53.70424597488512
1.3342103625462731
3.6294445797253436
0.843828724689331
5.996529770528849
2.460162350575807
4.219143623444894
3.6294445797273487
18.506608735522907
17.910252257665558
36.99878642851765
18.50660873552291
34.61241016162789
39.38520290459747
18.50660873552325
8.37476096889951
8.970022384416822
31.032941444796364
3.629444579725854
23.278051970485976
57.8807458716045
10.161043396644855
6.590513023524225
0.8438287246892616
11.352554422092561
10.161043396647589
10.756747833301729
14.332673701793018
14.928854105367675
70.41041582678591
0.5966770133877571
23.874537833156783
56.68745659018631
1.334210362546578
54.30088656446032
10.756747833301459
8.374760968895837
1.8868583897724702
3.6294445797252535
18.506608735523212
18.5066087355245
10.16104339664822
46.54463173976873
6.590513023522954
0.5966770133878053
37.59538707703347
7.779716441616569
20.295791220326343
5.403140159298356
13.140448138405361
5.996529770527858
10.756747833300407
48.33452113552324
19.102985231711564
13.140448138404935
6.590513023523503
4.810563874418676
4.219143623445813
7.184942689707717
32.22608303652542
13.736536423056181
4.219143623445762
1.8868583897717615
20.89221768703216
30.436376895262395
29.83981684296391
2.4601623505757657
18.506608735519848
8.374760968890874
25.664048742647296
14.332673701794532
9.565460197208928
11.352554422090348
13.140448138392532
14.928854105360491
3.04246773457645
5.403140159299271
0.8438287246892319
22.681576163291542
8.37476096889543
0.5966770133873442
2.460162350575252
8.970022384420924
23.87453783314571
1.8868583897713522
68.620450738426
2.460162350575807
13.736536423052828
11.352554422090583
3.629444579726233
1.3342103625467507
26.260568134311658
19.699379928129453
46.54463173973947
4.810563874416155
40.578424004159196
34.01582336931516
