15.801457237730698
0.7139560113014745
2.0815215784672687
6.955310560105296
3.488425035673129
0.6932259969352319
4.649409376856727
5.47099452391498
3.5707142142714963
7.593468910902878
35.63434504065645
1.6535170641903327
44.64459167142125
13.955144490946516
3.5040348384547895
2.0656150685634604
2.5256492560813184
0.49532057081731057
2.540927101407782
8.970637071185774
6.057037644673594
17.41531472898098
11.10518100692164
19.229681412313976
18.7516026795613
1.0960865417784058
35.38595851784438
4.071780784562215
12.631171253722744
2.041335976101001
9.374113861001856
4.593414006730882
0.495997707423403
0.6979916147876405
1.5874261852548397
10.209786768925563
16.84056695356107
3.1877642375508466
7.472051508545613
0.6943901216229852
20.654462723092568
10.959766092710757
0.8526305267065106
0.4976107975193742
8.91362856083332
2.9879485157367967
24.100663818298862
20.921317825185877
22.274815782852702
7.884854891701682
4.514599870406827
23.67498490224625
5.9864195687499056
38.28339967707297
2.1082530583936143
18.268188788310276
59.53121857943106
26.117349391704437
0.7004890689722029
0.4771798897717578
32.014927009193485
2.6848527412884486
5.118493855683981
3.466129984676587
1.4832914753874396
23.75909343095897
6.1153377234218915
6.506580273876334
0.9906411416345281
18.649057608915875
5.948078317139846
1.2154987377683109
21.247347736249296
7.647440588032216
4.45958756534485
9.641360142572005
4.9514982047073195
2.142068645003492
10.369977214691279
2.709318746146899
1.10558018980441
9.613492523519424
2.0793362413228054
4.808676211592825
22.70887587555127
5.446708852627052
6.538557685699478
24.126079345818134
4.015653091479171
22.315205991263532
1.6919568416345787
3.9636767186704494
19.726741065677327
4.481272222820339
6.538557685699486
4.971187701446926
1.0960865417782415
3.58491306136242
18.183919896299408
1.562829894511624
 
22.84495417027829
18.26060449081885
29.011655324927506
1.5977965429752956
5.429593715519478
1.193230819793994
2.319772376086483
1.4102080453530494
0.936997312082821
15.454546592756298
4.073617019177861
16.839221118194416
21.123678428117973
3.2269171545492523
0.7579731543211177
37.18704203271649
11.319497883854684
6.630186891751176
21.238365450738
26.030364398705498
1.3149949828258307
3.3743504799775255
35.674449720846994
10.133384171874196
24.03818419781292
5.806860614369331
6.393977193813801
3.256223610746295
5.970025264854798
1.7895284098613908
10.745886894456024
9.910901986062223
3.278166318479119
26.332600273800757
4.993446227463099
2.70753298223109
7.484023190336495
0.7592127073175008
16.55110508281854
2.7146933953048995
1.8551477450487168
22.436320736613204
5.4150659644599966
17.077817706394043
0.547830726183011
17.454601900443976
1.9308989924271687
3.815357055645489
1.2237828179760424
2.2152957065518284
0.7592127073174836
12.275521358380594
10.629127334440495
0.7567535465213171
15.470235557593577
12.966344602848705
4.223652589710806
3.279219516403268
3.247206707226458
3.2347449798992804
1.3139171132559422
0.765055101654138
1.362638031919887
5.388600019336277
10.348713635287789
0.531588199375741
9.586958910516302
3.2298915762047744
0.7592127073175003
7.547879169457091
0.49603835286817466
24.051967390353308
7.505123870821404
5.305964073107365
4.499664914094677
8.050856751752477
1.322797626004891
29.0065273936832
4.833963326137103
1.8521841997910153
5.924780418178669
9.168853357916989
24.028618036359443
1.6778931654043439
1.3399323252928077
29.495089836293076
0.761110818077655
10.095285145907267
4.302254904231152
14.648940432871784
6.943607074488149
5.356669538980833
1.593567772169864
2.8109919362484526
5.9545581851778335
5.887271757223043
1.0736889074144023
22.658332033751993
4.966347512781352
12.02372046595394
 
6.336014745626685
39.19747503860352
2.1524048588835436
19.52870149774071
20.018510293352094
12.178795790564292
39.991998715314914
10.876681769645383
24.323089920938774
1.8191141243837412
8.15668543862005
2.541759950398441
27.348340930350183
4.563809491277329
5.161976439467494
15.396196778015836
5.2153924202179285
0.8109940408305056
14.192123012314937
1.2975491101456667
1.8852307224415978
2.6160904592787726
2.3746768911071774
24.355870856466687
20.365865402969742
0.8010880711546036
2.340373715308444
1.8303121615415467
4.5763310071233905
4.047253569578279
17.551405136289194
6.324402805492304
8.501334424541742
4.013707808801019
29.41440957706967
1.2793719907926506
0.8094507139157613
21.1378999026002
1.4074131586151983
1.2666314556200682
24.157962497824357
9.352380122535061
1.7968652671928658
0.5686189858714471
9.39222473327098
0.8073430433411645
7.383159642967675
37.96963378957325
8.569654468462913
4.634184354548434
13.697920369808052
2.41074773031095
0.9817984501959804
1.7937429212904297
3.4922678810887
5.182199586835427
19.94530838243165
18.828749045568635
2.1549841642679293
20.386412942582385
11.98450846425072
5.160109875730733
27.819367569864337
0.8116205360271317
8.62764464258349
3.440956921895933
0.801088071154789
0.8002751894910737
13.65387971482202
9.149668792505368
4.057893101236744
4.581125530356727
27.76206511399996
2.1983983061150196
39.049821282500716
30.115759445900157
5.836831265530148
33.22744588932938
1.6391677758766676
8.651409068091
31.71575525019589
9.148508521892794
1.791287383066298
22.011149485365593
0.5712992100936543
0.9983686427834026
5.724745801968019
1.3363867390156905
36.79896256670785
4.01650580384813
1.2719208639709567
1.7076759086899422
9.805350507910955
10.977618766898235
17.68058489150794
4.002725712914307
28.43663491492735
6.8118076301975465
2.4016354277485727
8.515683005217936
 
1.8983938246085483
3.6374317979276496
1.9243352130447589
24.41856590605278
2.74120763529562
2.55558565106097
1.244908597658656
0.8435673962487111
5.513196348587489
8.36958335344596
1.4638429651011977
1.79454164061901
15.600766437881225
7.171714362369341
1.4704895334507533
0.8530450479999933
1.4597536987398056
4.225750649762537
1.8946591347035413
3.065163211931281
3.0651632119305767
0.6013307726265636
26.07522875866171
10.99611188042684
1.8946591347036594
13.302705093847447
18.650950313041086
1.4817211674055484
6.617759854205608
4.265225239999282
10.885712274738399
2.540307752609502
0.8478696843233127
4.257181882411637
3.679524694479178
2.154718502271714
4.818097043455338
35.83910843541986
2.546962583934822
2.478514084690207
0.5968624897912002
16.156802903026446
21.026931676687198
13.38098331422363
0.47917666309670004
1.360710478419887
2.7940606629132625
4.257181882412519
0.8524510026056371
32.75228621249671
3.6889599927566046
2.7973830174254273
1.995063925561375
5.9873126301122905
13.20337562468919
3.0600544645467247
0.8422751364333732
1.047735085300073
0.5972355303040514
8.382600127374017
3.642092261056061
35.895817304150164
2.5427788924726835
15.554301951683131
6.584412527210116
1.4638429651012042
3.0530699524973617
23.950026043264273
5.541178115458505
7.23127153375443
3.688611010621996
6.129967279415194
4.26245075252559
1.349729832699958
8.961719299622038
2.460927089378168
6.613479267172143
23.830581991762607
1.8833844608231929
0.5968624897911536
4.22708706812932
1.462922305505412
7.322030784391968
1.8971390974969968
73.67324490232734
12.61276514417587
0.8599289049006866
12.536660367707837
3.6444496121980636
3.0443627701007827
10.370883105677002
21.048064484686726
4.219143623445642
54.77982491982093
4.827327452856422
2.672599375437248
1.3329753531670687
1.3607104784199995
3.0620857077884476
7.281460521296612
