4.418235588176152
6.40939172983302
19.001644665661075
1.3095746834087918
2.9115756236630403
4.434130199210526
2.0886632947632218
13.794350253263087
27.054153039657155
7.471338680347625
3.559413330725307
1.7458043858928454
4.4229742398569
0.18460744521676878
41.38005152449399
3.8261968745851673
0.24402691125683806
5.971933558005773
1.7275848035627444
0.8291561975887236
2.66908050087875
5.3693814789490295
13.41155940005079
12.297671766568978
14.292179726301594
6.65960387570979
30.378148070089924
3.616596870681169
2.8177323967555212
4.039167057378842
10.116881852633202
9.208738844202994
1.1076413327553076
11.071421441564294
3.785451288662083
6.324055104835509
2.055668084502702
6.81883794327377
0.24068328699008074
36.848871627050386
24.53025342986109
20.99386672037539
11.45821829791484
0.7801157731069047
9.089230353246895
8.823497175430346
9.141471854637322
14.172696666609328
0.740082804492286
0.3444969750511359
13.64894582212161
2.623337521847628
15.601804952489491
1.211631358453029
0.5372849659117711
0.8801117367933932
13.28701890114863
0.58193017685913
2.0740217578941076
0.4690103117544746
0.5860046159133242
0.2485562437789934
9.588971767834197
1.3181881948880778
1.0408999364837725
4.729105062101183
11.70061506348
1.8810798862519156
3.5987649322115534
3.0960248059018722
1.5470921131385935
1.3828831385677642
7.855739699485998
23.49884494693061
14.887641672867757
0.7311104457090248
55.24829198348725
1.4451194605106168
2.8968023606698243
6.547295321319459
0.8782983990797228
1.329573974236247
1.8575057999133602
0.542796302027188
3.4466718695524023
1.558579163181925
2.977009800204217
20.32817599170598
9.247791487670678
6.813077357930367
2.457780902238894
2.422912659705851
0.49806572776935476
1.0645812948447542
1.166545170526861
18.953301191059165
6.262392276023695
4.110448016479171
13.341664064134173
20.131917882980066
3.0811286689026725
22.11242400328454
2.4314891455945147
7.1577793218963075
18.565805783883384
3.6699195393301594
0.37952400977185047
19.143938553246688
1.9114826225524646
31.008082564657613
2.5277294423851244
1.2923981370318136
13.49881932522881
3.483909597103879
3.3172212216357253
4.0209507537386555
0.4830891748533058
0.4931223104292741
10.96031189160944
19.346107559694868
0.7549149617096916
1.6406164976745694
3.6871533803572403
0.745355992499953
34.78035742170174
11.229454075971171
8.818377315617347
15.740360672023126
23.534957529910304
0.6461990685159223
24.07297053488399
2.4021855346492003
0.9259097688629198
10.06421706109219
1.8483768082625645
0.8729025768150386
10.627540672260144
7.376273463342385
9.073150110421937
1.7533717580350292
1.6873554005134628
9.450499350776816
0.818527692055853
16.55177930297658
1.3755025108596326
0.8042949964121079
4.271449595394237
13.354150416006576
3.825897448481564
5.496801709602121
2.899717144544769
9.678008877455476
2.6970042548515716
0.576404563424059
27.854543062046506
9.970408048791045
21.360132922577773
11.950644062375785
12.777157554579114
0.31430875617589527
10.733233040365125
5.026051169278803
3.9784807201208485
6.680502227112995
22.4357515028309
6.385765815562285
15.142600900182762
4.678556282539405
19.711719768662835
4.004026837183675
13.926583910607752
54.41017429040716
24.776944447640172
0.5653115705856929
4.203381423982127
3.8666349760175316
2.947938317702239
8.371720775655879
41.80928753346365
3.711203825436056
23.93072485471982
7.441433989973683
6.163947425635237
0.7331016834490709
21.08186562283315
0.7631224884051379
14.385926979096167
8.645457078475829
7.99581828481416
5.681572190456485
1.341150731258842
9.488373599984843
21.217391672772862
3.8851768695317297
0.5847546149008626
2.4450895149901704
19.26211557706058
8.965852204391267
1.3457107070549508
2.3804761428475634
0.38736292202441563
10.661338905530897
12.394695382140977
9.396956274764012
3.2682693316727063
7.0482614997666575
0.38824230621992334
11.890254320144026
8.198053175600599
21.16464398705253
3.1212647194402554
2.3656539806461536
9.089443205096737
1.283296368326034
4.840317687534004
0.3833671600908492
21.042362285234347
2.9369052615888305
25.745859207378345
2.056772817915142
11.561105854360164
8.67865302982919
4.011419916117949
21.284579983190557
3.3929026581910144
3.4383263304492093
0.40058754209099445
8.366539737306786
16.718072254157686
21.96351324802981
4.436072600417738
1.5928656159074073
12.407712691169746
6.814226280260194
7.7569364685359785
3.175174119185135
1.9842113339568845
2.4100837051697375
1.2607629628191934
17.01027238081113
4.318373910710566
21.82388833085155
11.319142368489654
1.7939615237472244
18.5607483426572
2.3522798985082565
10.544606013120433
4.919763858876291
2.533757068740112
1.6647326298806966
2.353593655580472
0.39050369592270023
2.045430842949979
20.76219178698726
10.528264632063491
6.197194084930985
43.38637653100466
15.534544519575965
2.067551110736118
7.502138779005555
5.884552207626153
0.41082428761550777
0.5496868296565844
1.2847374700507113
38.80578805094198
3.313372079737472
2.4061762962021844
2.76945215263333
33.9760657452777
10.484976628589806
22.07184897168634
21.5249155046175
1.4560130579671404
5.316375673521409
4.421170092390229
0.8666584973327782
20.655517678642912
44.64955319341463
49.78214235870494
0.548744770457234
0.5709257983387693
1.563868814786932
8.998547410391806
6.031548253907309
2.3670210169252233
11.317999117656091
0.680454582796645
5.989596294783247
27.3203193549488
2.4464087584392864
1.6044482457152853
13.841878087604272
4.406610198167315
6.350348238371205
24.71933469815706
13.481246876232023
0.7937005259841082
57.54221615811388
1.8252089616056546
0.8152433158533492
28.948293180418663
7.340350501349417
3.8268788818109427
11.657167502155119
6.250162791591583
4.516718311392695
41.07317505413129
1.419725694241249
2.3027792943076233
13.21581308264956
4.007750947606299
5.772314639172604
25.311338228463338
12.775536258882763
1.4067886554447022
10.32387793745544
35.58362754284792
2.809498074210364
4.908879428562973
13.769018621670035
8.11951368474592
10.261917089903466
8.012058844076321
9.073623024251914
17.336923569171812
0.9174250357020821
68.16708480459683
1.906771148481543
0.45439876423908193
0.632296813777299
1.9533875584062619
0.627905013411714
1.1365334760097172
6.771349776319663
5.869214675377566
1.0238474157761064
3.233805337068765
53.153150671124415
4.543010370582578
23.399535455851247
8.464145935851086
7.0990325971518855
29.1731294437845
4.993665175379547
22.647619772147454
23.454192106267175
2.6942230627923194
0.914112858974662
22.7149540253261
14.228672471074372
1.9852474292725053
22.7037089875547
4.601621814316252
4.250303642919146
8.289951497957837
1.0126298410621464
11.885191547024897
5.895961474317367
1.5993002426798995
6.826835718782476
4.9951819583219965
2.7449891309188597
9.918801680298227
7.9926493306288835
2.282114431902475
35.11270857201525
1.4320748548937994
11.227005394300388
3.1425880299999016
1.6306428244258204
9.419109315757028
11.669285192240373
2.716847584537039
4.0166616815394
40.70948272425281
0.7686504942819983
19.102146090967675
4.038450865516381
8.01992926623125
1.3319876787735552
58.601930059470334
3.5901690145099767
0.6291350127102113
2.490695725228123
2.3909910570893853
4.105582283879694
3.24505625283175
7.124739852455102
2.7455493160294773
3.6120635356565485
7.653449319914069
3.189697523056307
22.28308814949571
8.076819604776166
1.6392963945975112
23.350064093778972
1.4204729191193253
12.463558645582333
4.03241426314711
17.13919837256984
