20.068987610352508
15.769182743875525
4.306823624189686
17.441306360772682
16.00805532677415
29.146729175489092
56.141912166676285
3.114869575776959
38.94136613795758
1.2181536760163414
31.057865653793534
22.457832255356127
20.785637353010035
12.42507562823146
31.296758230970955
0.2388995909446686
21.502290364008736
9.797796205224106
32.01343659053368
5.261217735321676
29.86340445116214
43.71927786913936
33.207902481234115
6.2159818896730314
12.186221065959993
11.230821971846431
13.380509954946492
18.396819733381257
33.68568947421532
22.696718471187545
2.8767320191953694
0.2388995909448376
7.887305361360975
5.261217735319916
31.057865653794046
23.413378756315662
10.51429641917171
14.09710029315972
20.307870473387215
26.99671083387413
2.6387322288422643
4.068313436860538
13.141649136956707
48.01941205382559
8.126098561944666
25.324483499949025
1.2181536760166913
28.19116399970238
48.019412053808644
27.713382270068337
6.2159818896730314
27.474491632872894
15.769182743875525
6.2159818896730314
5.022576274449826
10.991977611414361
14.097100293165278
31.057865653688655
32.730115844110145
2.163327805347557
2.4009111749306804
17.919061914016325
4.30682362419206
19.352341499166517
52.79735009281393
17.202429492965692
32.73011584411282
38.463576059143286
4.78396058051984
13.858235600993716
21.502290364010403
11.947368304298509
35.83573496481417
0.3378550415593775
23.41337875629492
15.53031099183895
3.829851790899811
2.400911174930719
19.352341499132976
29.385620806699006
46.347136359756284
21.502290364013483
14.097100293153751
13.380509954938981
13.619372133069552
43.48038186454446
10.51429641917146
9.797796205220916
48.97499882211556
11.230821971846431
47.30272228499431
21.741175371456798
11.230821971851537
4.0683134368587615
14.097100293159723
8.364897838145543
2.163327805347557
12.902789754651067
15.530310991843873
17.202429492955748
 
30.22177649961427
0.44987030033584374
4.464835246873762
12.7282293090146
10.502327907789237
10.820292583911058
51.21610864191592
8.5947600199398
5.73474359999578
40.71885410673692
42.94553405840095
38.49218160923421
26.722825984876497
9.23056682329509
25.76857708632939
1.934965325735573
37.53789600661742
4.46483524687728
35.3112366248116
6.370074494730407
15.272417569280659
14.318319379629646
4.147599233961983
21.633570012248803
20.679358928470265
15.59045630622379
6.3700744947304075
23.223941529941513
5.417155769683732
3.196929151509757
67.7573971490633
25.450495288726835
32.76649719139978
21.95164245888779
26.722825984876625
19.407093995192337
50.2618083790102
18.770969684155833
21.31549857717208
18.770969684151474
42.62743651032324
4.464835246876899
13.682271031884266
28.313251319816622
6.370074494727607
7.00556543953851
56.62382207399428
30.85795466197416
18.77096968415156
39.12837291654643
24.178174555960986
7.641176502044009
2.8805754237817225
9.54849050109386
4.464835246874985
32.766497191387835
1.0059405726093322
20.043223915869675
33.720772510535824
6.0523858906625625
13.046238709742626
16.86263675733126
36.265517938897815
7.641176502041382
33.08458868433134
14.636348910197277
2.249351501679213
8.594760019947712
1.6220304351692687
6.052385890662706
29.585599821770003
8.276880009494832
1.6220304351670698
23.223941529941513
29.267512069760663
26.40474245553319
20.361290815509474
14.31831937962303
3.830507579487213
0.318106340021924
3.5135993673996406
33.72077251054554
8.912656180750616
5.417155769681266
3.5135993673980574
14.000293339064786
4.464835246875276
32.766497191383245
1.311586040089275
20.679358928487567
16.5445881131949
33.72077251054956
6.370074494727359
4.782186889384508
31.17604427143207
28.949424726264585
0.7113074003626397
38.17408622271753
20.04322391586967
39.76456490775952
 
8.479061918540719
15.790283707792918
21.564241990575514
0.8609183002916089
2.3419509743707003
26.183807893317944
0.86091830029168
1.217522336368028
27.338731398212676
18.099770753842776
22.719110341145264
15.790283707810755
1.587454908726219
20.409393418604623
1.9631957780219378
17.329923992154082
0.3850143685052813
35.4234143100794
2.3419509743702425
13.481001980919283
78.54387483213644
1.5874549087278014
13.481001980923562
34.26844173077414
0.3850143685051426
50.823355009507
10.787275383762914
0.38501436850509846
38.11836694943198
19.254568184018616
15.790283707811588
11.172052893294135
46.97333085887783
41.968332250874646
8.863696401419626
2.341950974369478
23.87399559998436
29.26362488603238
1.2175223363681247
17.32992399215515
44.663326260471
19.25456818401067
34.65343206818233
38.88835718405494
7.709906720964803
1.9631957780211338
0.38501436850521026
65.06856736317523
2.7224627082437958
7.709906720977069
24.643927325517097
25.028895426575186
36.96338460529961
2.7224627082420962
26.953755757694694
5.788035111671709
10.787275383759614
14.635611104962566
5.01997319439231
3.8693465158219285
1.5874549087281618
19.639507081711724
6.172249868286692
24.643927325524007
1.2175223363679692
15.405386668078249
1.5874549087276706
8.863696401408342
75.463798400174
0.8609183002916324
7.325397951779828
20.79434054155712
40.42834205322383
77.00383623097386
24.643927325532736
24.643927325530054
30.80355572624377
36.963384605279515
6.1722498682802085
3.4864533905306674
0.38501436850490606
10.402515401937515
46.97333085887061
9.248362498427856
1.963195778022472
12.711306373122342
6.940945237182285
5.788035111673239
14.25073358178585
23.873995600001976
53.51838214805972
31.573525778741747
8.479061918539564
13.096149281246447
16.560094151847508
9.248362498427028
23.873995600007653
27.33873139821268
0.38501436850541176
48.128336095994484
 
10.59942788402216
4.4346076788962305
1.8193614087960401
0.6240358149425486
6.633591705207962
11.481241500165886
55.60050551662818
9.276959325727917
9.276959325728193
41.48078296725986
25.596881156547934
26.920473985314526
16.33258027247709
15.450400903441862
2.2499931285024077
35.74478019549189
20.743911676826233
7.073935236880058
23.83212303837367
20.743911676827853
39.71584744899525
3.995778851686414
0.44125995644927873
22.949760227353885
16.77368339227409
0.4412599564492905
42.804490251008986
67.51421534736133
60.01297633444246
4.873875521410248
23.390940151180477
3.5575515028978435
11.92218750443903
8.395543246149236
6.193378624436297
25.596881156556584
9.276959325729493
18.538170521314406
12.363155911619756
21.62624004990111
2.249993128501414
12.804144407084081
1.395386502605108
46.77563675222076
34.42110507631198
37.95092163278879
12.363155911622968
6.193378624436301
11.04032058310599
9.276959325724961
10.599427884024047
9.276959325730356
27.802879098891744
16.33258027247579
2.6840795292116804
7.954926993936685
0.9866872583694004
22.94976022735389
6.193378624436543
40.59831407444092
6.193378624436728
0.9866872583692109
29.56770988344209
2.2499931285021337
35.303554282950635
48.540600895074164
9.276959325728225
16.773683392278045
29.12649981226882
3.557551502894886
12.804144407088286
14.127211610748455
30.89134864749558
11.040320583103117
3.1201790747137395
39.71584744899231
8.395543246149094
14.127211610747546
15.891485860925302
8.836223741816061
38.3921521041122
15.891485860920106
26.479274297917616
5.753325938805856
41.48078296727065
9.717742502526804
10.599427884025822
55.60050551660963
52.51178881816569
2.249993128502123
2.6840795292107686
34.421105076311434
5.313473499414573
30.89134864749313
5.7533259388086755
14.12721161074495
37.95092163278687
32.21499900749315
3.995778851686134
28.24408434578739
 
31.285326018772842
3.9406184046937143
3.9406184046928647
43.01485013187787
0.48877355794342914
11.252412328066399
11.740743757324461
6.8602638007606345
17.114055583002926
1.5456377031645856
40.57114962148312
16.136931372771656
50.34604909941162
20.534307342042833
18.57982531981985
32.75147574295646
5.3986804031422
0.4887735579434245
20.04567564261531
1.0929309011659505
4.426032812518039
17.602635298597573
42.03736759384724
13.2059343247502
31.77404084047593
10.764121032773293
5.885613025588206
23.466221620188975
9.78768287026218
0.48877355794346045
46.43606042580554
18.091225486251577
1.5456377031654063
13.694384940242593
10.76412103277553
46.4360604257927
10.764121032770202
19.557051032868145
26.398297422107824
38.127470554699286
18.0912254862515
6.372827509088521
16.13693137277658
30.796613061349294
7.347877758473296
1.545637703165427
75.76147815365947
35.195090269073525
8.32351376366475
0.6912301945729385
19.557051032876775
14.671350702686606
4.912113464224959
4.426032812515502
1.092930901165953
14.18285780706696
42.526108491769016
31.774040840480836
18.579825319821058
18.091225486246216
21.511590077431347
31.77404084046958
6.860263800767227
5.398680403141937
6.860263800766758
7.347877758475801
15.64838907742287
52.30105463866107
28.841781770019658
0.4887735579434308
15.159861690951569
15.159861690954337
30.796613061350964
23.466221620183305
44.96982363037711
28.841781770020752
21.022945636809283
28.353079612785738
6.372827509088521
15.648389077414985
6.372827509083201
6.3728275090831605
5.885613025587381
2.973093484058213
4.426032812515182
3.456150972864748
18.579825319812002
9.787682870255583
16.625487262724445
18.091225486251655
38.12747055469265
43.01485013186495
33.24019566907699
10.275875592745018
43.992335539750634
4.426032812516792
45.4585686276282
42.037367593829195
8.323513763667624
8.323513763662527
 
6.37287342378599
35.99209779169305
15.35703370219033
3.742280130855766
31.229546308549452
65.09846611744364
51.33884611813625
5.8456284358338015
0.5292383315255805
12.183981374109708
6.372873423787177
2.6985965797900775
33.34621492580124
11.65526523098742
26.996343020299708
12.183981374106551
11.126598739394076
1.6735985526879604
5.845628435833652
21.70522475895752
53.45569141155444
15.885968135808541
34.93373903190704
44.459169964704586
0.529238331525569
6.37287342378853
7.428213962758656
11.655265230990072
20.647078921446028
28.583769837254973
7.956196692619241
5.318779405761029
57.68940578398927
1.1834128855896873
58.74783870741095
6.900423607606769
32.287875950733095
10.597989329774522
3.7422801308535893
0.7484560261711011
16.943893939854476
5.318779405761394
3.742280130854832
9.012604027204244
11.12659873939733
5.845628435832582
24.879831139679794
20.11801905502001
4.2668558390390325
0.5292383315254297
9.540979706282128
2.1821055420055435
9.012604027206438
1.673598552688046
13.241538824249243
9.012604027209157
9.540979706281606
3.7422801308572913
35.99209779167952
17.472881862932418
34.933739031914605
26.996343020292628
1.183412885590019
21.176147706825624
23.82160461876766
57.68940578398928
15.885968135812472
37.05046328773129
3.219231092597998
16.414922159941028
11.655265230984936
1.6735985526880472
8.484335882665956
4.26685583903758
4.266855839038595
52.39726767365502
6.372873423787675
34.40456237239279
0.7484560261714037
30.70038528888939
6.372873423788532
1.673598552687036
78.32906101268762
4.2668558390352525
25.93807807370043
9.540979706281826
33.34621492580958
11.126598739402246
5.318779405760056
37.05046328773075
0.5292383315255457
41.81317766604129
3.742280130855534
18.001884506077644
20.64707892144987
30.171226981295973
4.792456921827987
12.183981374110523
30.171226981306457
34.93373903191038
 
54.71179634783865
44.560293697593295
46.816158351061254
32.717393450171656
15.238688533338841
25.386678492561337
5.668221973619595
46.252190614571916
16.92967254141976
24.82281169857251
25.950551474442264
40.61257653750182
0.5640091666116966
1.2611628364768102
0.7976294127249476
13.54796509416569
1.2611628364765672
6.791569723059861
12.984466111927254
10.731006247684164
29.33389932756077
1.2611628364763292
58.09568200505786
7.916245889582377
15.238688533337797
53.019861625338855
47.94409674820194
16.92967254142319
24.2589515239438
9.604730012153265
26.514430249364196
31.025631096019463
8.478916961790718
40.04862252800773
20.875959518781503
1.2611628364763063
17.49337872170623
13.547965094159448
7.353779831060573
33.281320225558424
8.478916961791194
18.62084613071802
55.2757758508366
62.607558024144055
26.514430249358135
0.7976294127242329
40.04862252796731
15.802325047820428
3.9881470636243344
23.695098441208025
4.547187273624543
21.43976822009335
0.5640091666116662
21.439768220100675
5.668221973618481
7.35377983106108
36.66493410510831
36.10099271585498
53.019861625374354
16.365987238736206
7.916245889581767
5.668221973615974
23.13125296901833
0.564009166611465
0.5640091666111362
6.229684862230606
24.822811698575006
9.604730012154185
1.7835535877063067
18.05710382432729
6.791569723059385
1.2611628364769996
3.4307338254095576
2.8758937463981513
9.604730012153064
44.56029369759293
0.5640091666115887
45.688223900952295
7.916245889581606
4.547187273625716
1.261162836476691
17.493378721700388
0.5640091666118037
6.229684862227763
9.604730012153084
3.988147063625016
11.85761368445358
1.2611628364768408
45.12425824854225
18.620846130719453
8.478916961789848
17.493378721708194
28.769996467454906
45.68822390096886
9.604730012146506
7.353779831059588
18.057103824324766
31.589548725000196
0.5640091666115885
25.95055147442182
 
45.15935133097119
1.3285610426447025
11.304485381831146
42.78296621860654
27.33738318865143
9.52495807986962
2.449745519377822
38.62435656547893
20.803755758920143
1.3285610426445316
26.74337609058175
30.307503042574005
56.447430290206604
0.5941505607222928
7.154520170978568
20.209854684021437
20.209854684019696
61.79451474219286
22.585537724961753
7.746775529025078
1.8788690449488603
3.029585303133159
3.6140767681159205
30.901541615621785
21.991598342665085
27.931396389421145
24.961395769148474
7.154520170981178
8.339300515919458
21.3976706859041
16.64682215058622
26.74337609058249
14.865642279871338
6.562607441741032
8.932041472709646
7.746775529025447
1.8788690449483614
15.459336328641205
17.240607192767577
4.790194961840337
1.3285610426447705
13.084808790016318
0.8402557810650788
32.08963120151751
70.70641311284066
15.459336328639864
4.201278905325297
8.932041472713827
22.585537724959494
31.495584413484067
55.259196412716854
13.084808790010014
17.8344165818417
0.8402557810651564
21.397670685907517
18.428247964254474
10.118019458072155
52.28862509008246
6.562607441743261
14.271986226220722
32.089631201509334
29.11943960507486
7.154520170979686
13.678373114803497
3.0295853031349997
20.209854684006533
11.897855706447295
5.38026215738074
14.271986226220026
11.897855706445878
46.941654593032574
23.179487931443497
22.58553772495993
23.77344815080886
17.240607192764077
30.901541615620513
16.64682215058163
2.449745519377104
13.084808790020817
7.154520170982244
3.0295853031331754
0.5941505607223011
25.555381904654414
4.2012789053259185
0.8402557810648414
4.790194961839857
13.084808790017854
24.367417650888513
20.803755758921003
1.3285610426449312
3.029585303135212
54.66508057021827
10.118019458073245
5.9711392354778114
23.179487931448467
10.11801945807376
5.380262157379679
3.029585303135109
10.711201560150126
48.723968713793205
